0 0.405504
1 0.4096
2 0.4096
3 0.4096
4 0.4096
5 0.4096
6 0.4096
7 0.4096
8 0.4096
9 0.4096
10 0.4096
11 0.4096
12 0.4096
13 0.4096
14 0.4096
15 0.4096
16 0.4096
17 0.4096
18 0.4096
19 0.4096
20 0.4096
21 0.4096
22 0.4096
23 0.4096
24 0.4096
25 0.4096
26 0.4096
27 0.4096
28 0.4096
29 0.4096
30 0.4096
31 0.4096
32 0.4096
33 0.4096
34 0.4096
35 0.4096
36 0.4096
37 0.4096
38 0.4096
39 0.4096
40 0.4096
41 0.4096
42 0.4096
43 0.4096
44 0.4096
45 0.4096
46 0.4096
47 0.4096
48 0.4096
49 0.4096
50 0.4096
51 0.4096
52 0.4096
53 0.4096
54 0.4096
55 0.4096
56 0.4096
57 0.4096
58 0.4096
59 0.4096
60 0.4096
61 0.4096
62 0.4096
63 0.4096
64 0.4096
65 0.4096
66 0.4096
67 0.4096
68 0.4096
69 0.4096
70 0.4096
71 0.4096
72 0.4096
73 0.4096
74 0.4096
75 0.4096
76 0.4096
77 0.4096
78 0.4096
79 0.4096
80 0.4096
81 0.4096
82 0.4096
83 0.4096
84 0.4096
85 0.4096
86 0.4096
87 0.4096
88 0.4096
89 0.4096
90 0.4096
91 0.4096
92 0.4096
93 0.4096
94 0.4096
95 0.4096
96 0.4096
97 0.4096
98 0.4096
99 0.4096
100 0.4096
101 0.4096
102 0.4096
103 0.4096
104 0.4096
105 0.4096
106 0.4096
107 0.4096
108 0.4096
109 0.4096
110 0.4096
111 0.4096
112 0.4096
113 0.4096
114 0.4096
115 0.4096
116 0.4096
117 0.4096
118 0.4096
119 0.4096
120 0.4096
121 0.4096
122 0.4096
123 0.4096
124 0.4096
125 0.4096
126 0.4096
127 0.4096
128 0.4096
129 0.4096
130 0.4096
131 0.4096
132 0.4096
133 0.4096
134 0.4096
135 0.4096
136 0.4096
137 0.4096
138 0.4096
139 0.4096
140 0.4096
141 0.4096
142 0.4096
143 0.4096
144 0.4096
145 0.4096
146 0.4096
147 0.4096
148 0.4096
149 0.4096
150 0.4096
151 0.4096
152 0.4096
153 0.4096
154 0.4096
155 0.4096
156 0.4096
157 0.4096
158 0.4096
159 0.4096
160 0.4096
161 0.4096
162 0.4096
163 0.4096
164 0.4096
165 0.4096
166 0.4096
167 0.4096
168 0.4096
169 0.4096
170 0.4096
171 0.4096
172 0.4096
173 0.4096
174 0.4096
175 0.4096
176 0.4096
177 0.4096
178 0.4096
179 0.4096
180 0.4096
181 0.4096
182 0.4096
183 0.4096
184 0.4096
185 0.4096
186 0.4096
187 0.4096
188 0.4096
189 0.4096
190 0.4096
191 0.4096
192 0.4096
193 0.4096
194 0.4096
195 0.4096
196 0.4096
197 0.4096
198 0.4096
199 0.4096
