0 0.03328
1.0 0.0
2.0 0.0
3.0 0.00832
4.0 0.0
5.0 0.00832
6.0 0.0
7.0 0.00832
8.0 0.0
9.0 0.0
10.0 0.00832
11.0 0.0
12.0 0.00832
13.0 0.0
14.0 0.0
15.0 0.00832
16.0 0.0
17.0 0.00832
18.0 0.0
19.0 0.00832
20.0 0.0
21.0 0.0
22.0 0.00832
23.0 0.0
24.0 0.00832
25.0 0.0
26.0 0.00832
27.0 0.0
28.0 0.0
29.0 0.00832
30.0 0.0
31.0 0.00832
32.0 0.0
33.0 0.0
34.0 0.00832
35.0 0.0
36.0 0.00832
37.0 0.0
38.0 0.0
39.0 0.00832
40.0 0.0
41.0 0.00832
42.0 0.0
43.0 0.00832
44.0 0.0
45.0 0.0
46.0 0.00832
47.0 0.0
48.0 0.00832
49.0 0.0
50.0 0.00832
51.0 0.0
52.0 0.0
53.0 0.00832
54.0 0.0
55.0 0.00832
56.0 0.0
57.0 0.0
58.0 0.00832
59.0 0.0
60.0 0.00832
61.0 0.0
62.0 0.0
63.0 0.00832
64.0 0.0
65.0 0.00832
66.0 0.0
67.0 0.00832
68.0 0.0
69.0 0.0
70.0 0.00832
71.0 0.0
72.0 0.00832
73.0 0.0
74.0 0.0
75.0 0.00832
76.0 0.0
77.0 0.00832
78.0 0.0
79.0 0.00832
80.0 0.0
81.0 0.0
82.0 0.00832
83.0 0.0
84.0 0.00832
85.0 0.0
86.0 0.0
87.0 0.00832
88.0 0.0
89.0 0.00832
90.0 0.0
91.0 0.00832
92.0 0.0
93.0 0.0
94.0 0.00832
95.0 0.0
96.0 0.00832
97.0 0.0
98.0 0.0
99.0 0.00832
100.0 0.0
101.0 0.00832
102.0 0.0
103.0 0.00832
104.0 0.0
105.0 0.0
106.0 0.00832
107.0 0.0
108.0 0.00832
109.0 0.0
110.0 0.0
111.0 0.00832
112.0 0.0
113.0 0.00832
114.0 0.0
115.0 0.0
116.0 0.00832
117.0 0.0
118.0 0.00832
119.0 0.0
120.0 0.00832
121.0 0.0
122.0 0.0
123.0 0.00832
124.0 0.0
125.0 0.00832
126.0 0.0
127.0 0.00832
128.0 0.0
129.0 0.0
130.0 0.00832
131.0 0.0
132.0 0.00832
133.0 0.0
134.0 0.0
135.0 0.00832
136.0 0.0
137.0 0.00832
138.0 0.0
139.0 0.0
140.0 0.00832
141.0 0.0
142.0 0.00832
143.0 0.0
144.0 0.00832
145.0 0.0
146.0 0.0
147.0 0.00832
148.0 0.0
149.0 0.00832
150.0 0.0
151.0 0.00832
152.0 0.0
153.0 0.0
154.0 0.00832
155.0 0.0
156.0 0.00832
157.0 0.0
158.0 0.0
159.0 0.00832
160.0 0.0
161.0 0.00832
162.0 0.0
163.0 0.0
164.0 0.00832
165.0 0.0
166.0 0.00832
167.0 0.0
168.0 0.00832
169.0 0.0
170.0 0.0
171.0 0.00832
172.0 0.0
173.0 0.00832
174.0 0.0
175.0 0.0
176.0 0.00832
177.0 0.0
178.0 0.00832
179.0 0.0
180.0 0.00832
181.0 0.0
182.0 0.0
183.0 0.00832
184.0 0.0
185.0 0.00832
186.0 0.0
187.0 0.0
188.0 0.00832
189.0 0.0
190.0 0.00832
191.0 0.0
192.0 0.00832
193.0 0.0
194.0 0.0
195.0 0.00832
196.0 0.0
197.0 0.00832
198.0 0.0
199.0 0.0
