0 0.24991999999999998
1.0 0.5491199999999999
2.0 0.50752
3.0 0.5491199999999999
4.0 0.4992
5.0 0.5408
6.0 0.49088
7.0 0.4992
8.0 0.4576
9.0 0.5408
10.0 0.51584
11.0 0.47424
12.0 0.49088
13.0 0.47424
14.0 0.51584
15.0 0.51584
16.0 0.48256
17.0 0.47424
18.0 0.51584
19.0 0.48256
20.0 0.5408
21.0 0.48256
22.0 0.48256
23.0 0.52416
24.0 0.50752
25.0 0.50752
26.0 0.50752
27.0 0.4576
28.0 0.5408
29.0 0.52416
30.0 0.46592
31.0 0.51584
32.0 0.47424
33.0 0.4992
34.0 0.52416
35.0 0.47424
36.0 0.49088
37.0 0.51584
38.0 0.46592
39.0 0.5657599999999999
40.0 0.4576
41.0 0.48256
42.0 0.53248
43.0 0.48256
44.0 0.52416
45.0 0.4992
46.0 0.48256
47.0 0.51584
48.0 0.51584
49.0 0.47424
50.0 0.5408
51.0 0.42432
52.0 0.53248
53.0 0.51584
54.0 0.48256
55.0 0.50752
56.0 0.47424
57.0 0.4992
58.0 0.5408
59.0 0.48256
60.0 0.47424
61.0 0.51584
62.0 0.48256
63.0 0.5491199999999999
64.0 0.49088
65.0 0.48256
66.0 0.4992
67.0 0.51584
68.0 0.52416
69.0 0.4992
70.0 0.44095999999999996
71.0 0.51584
72.0 0.52416
73.0 0.50752
74.0 0.49088
75.0 0.47424
76.0 0.49088
77.0 0.51584
78.0 0.52416
79.0 0.4576
80.0 0.49088
81.0 0.4992
82.0 0.5740799999999999
83.0 0.48256
84.0 0.47424
85.0 0.46592
86.0 0.53248
87.0 0.51584
88.0 0.52416
89.0 0.48256
90.0 0.44927999999999996
91.0 0.5574399999999999
92.0 0.4992
93.0 0.4992
94.0 0.44927999999999996
95.0 0.49088
96.0 0.53248
97.0 0.5408
98.0 0.4576
99.0 0.48256
100.0 0.49088
101.0 0.50752
102.0 0.5657599999999999
103.0 0.44927999999999996
104.0 0.4992
105.0 0.4992
106.0 0.5408
107.0 0.50752
108.0 0.48256
109.0 0.4576
110.0 0.5408
111.0 0.51584
112.0 0.49088
113.0 0.49088
114.0 0.4576
115.0 0.52416
116.0 0.50752
117.0 0.4992
118.0 0.4576
119.0 0.51584
120.0 0.49088
121.0 0.5408
122.0 0.47424
123.0 0.48256
124.0 0.52416
125.0 0.50752
126.0 0.51584
127.0 0.4992
128.0 0.47424
129.0 0.52416
130.0 0.52416
131.0 0.47424
132.0 0.51584
133.0 0.47424
134.0 0.50752
135.0 0.51584
136.0 0.47424
137.0 0.49088
138.0 0.50752
139.0 0.48256
140.0 0.5491199999999999
141.0 0.4576
142.0 0.48256
143.0 0.53248
144.0 0.48256
145.0 0.52416
146.0 0.4992
147.0 0.48256
148.0 0.52416
149.0 0.50752
150.0 0.47424
151.0 0.5408
152.0 0.42432
153.0 0.5408
154.0 0.52416
155.0 0.46592
156.0 0.51584
157.0 0.47424
158.0 0.4992
159.0 0.53248
160.0 0.48256
161.0 0.47424
162.0 0.52416
163.0 0.47424
164.0 0.5657599999999999
165.0 0.47424
166.0 0.48256
167.0 0.50752
168.0 0.50752
169.0 0.52416
170.0 0.4992
171.0 0.44927999999999996
172.0 0.51584
173.0 0.52416
174.0 0.4992
175.0 0.50752
176.0 0.4576
177.0 0.4992
178.0 0.51584
179.0 0.51584
180.0 0.47424
181.0 0.47424
182.0 0.4992
183.0 0.5740799999999999
184.0 0.48256
185.0 0.47424
186.0 0.48256
187.0 0.51584
188.0 0.51584
189.0 0.52416
190.0 0.48256
191.0 0.46592
192.0 0.5491199999999999
193.0 0.4992
194.0 0.4992
195.0 0.44095999999999996
196.0 0.50752
197.0 0.52416
198.0 0.5408
199.0 0.30784
