Roll No
CT1 Marks

106119001
13

106119003
11.75

106119006
13.5

106119007
13.5

106119009
14.25

106119010
12.5

106119011
11.5

106119013
13

106119014
10

106119015
10

106119017
12.5

106119018
12.5

106119019
14.75

106119020
13

106119021
10.25

106119026
7.5

106119027
10.5

106119028
11.5

106119029
10.25

106119030
11

106119031
9.5

106119032
11.25

106119033
8.5

106119034
13.25

106119035
9.25

106119037
12.5

106119038
8

106119040
10.25

106119043
14

106119044
12.25

106119045
11

106119046
13.75

106119047
10.5

106119048
11.25

106119049
8

106119050
9.5

106119053
11.75

106119054
12

106119055
12

106119056
13.5

106119058
11.25

106119060
11.25

106119063
12.25

106119064
12.5

106119067
10

106119068
12.5

106119071
12.25

106119072
11.5

106119073
12.5

106119074
12.5

106119075
13.75

106119077
14

106119079
13

106119080
8.75

106119083
8

106119084
9.5

106119085
10.25

106119086
10.75

106119087
14

106119088
7.5

106119089
14.25

106119091
8.5

106119093
13.5

106119094
11.5

106119095
12.5

106119097
12.25

106119098
9.25

106119099
14

106119100
14.5

106119101
14

106119102
10

106119103
12.5

106119104
12

106119105
16.5

106119106
9.75

106119109
12.5

106119110
11.25

106119111
15.75

106119112
10

106119113
11

106119114
12.5

106119116
10.5

106119117
12

106119118
11.5

106119119
0

106119120
11.75

106119121
10.25

106119122
11.75

106119123
12.5

106119125
11.5

106119127
12

106119128
7

106119130
11

106119133
11.5

106119134
11.75

106119135
11.5

106119137
13

106119138
14.5

106119139
13

106119140
11

106119141
7.25

106119142
11.5

106119143
10.25

106119144
10.5

106119145
13.5

106119146
12

106119147
12.75

106119148
12.5
